CODE,NAME,EMPL_OCCU,EMPL_PROF_KMAN,EMPL_PROF_TECP,EMPL_PROF_OFCE,EMPL_PROF_SRVC,EMPL_PROF_AGHU,EMPL_PROF_MANU,EMPL_PROF_OTHR
110101,东城区,0.488,0.058,0.2858,0.2211,0.3945,0.0004,0.0389,0.0013
110102,西城区,0.5059,0.0519,0.3237,0.2045,0.384,0.0006,0.0345,0.0007
110105,朝阳区,0.5487,0.0355,0.2841,0.1752,0.4468,0.0008,0.057,0.0006
110106,丰台区,0.5382,0.0382,0.2868,0.1719,0.4309,0.0011,0.071,0
110107,石景山区,0.4905,0.0455,0.3192,0.1861,0.3715,0.0016,0.0739,0.0021
110108,海淀区,0.5235,0.0625,0.326,0.1569,0.3888,0.003,0.0604,0.0024
110109,门头沟区,0.4762,0.0285,0.2229,0.1583,0.4654,0.0197,0.1035,0.0016
110111,房山区,0.5118,0.0429,0.2278,0.138,0.423,0.0231,0.1452,0
110112,通州区,0.5573,0.0508,0.2229,0.1308,0.448,0.0118,0.1337,0.0019
110113,顺义区,0.6398,0.0171,0.163,0.1265,0.4635,0.0189,0.211,0
110114,昌平区,0.6155,0.0253,0.2524,0.1087,0.4979,0.0097,0.106,0
110115,大兴区,0.5996,0.0507,0.2226,0.1286,0.4153,0.0176,0.1639,0.0013
110116,怀柔区,0.5466,0.032,0.1532,0.1418,0.389,0.043,0.241,0
110117,平谷区,0.5566,0.03,0.1598,0.1252,0.3691,0.1541,0.1604,0.0014
110118,密云区,0.5262,0.0223,0.1402,0.1646,0.4159,0.0885,0.1685,0
110119,延庆区,0.4968,0.0297,0.1536,0.1614,0.4176,0.0844,0.1526,0.0007
120101,和平区,0.4541,0.0751,0.2486,0.2652,0.337,0.0022,0.056,0.0159
120102,河东区,0.4009,0.0429,0.2431,0.2393,0.3585,0.0007,0.1137,0.0017
120103,河西区,0.406,0.0621,0.2541,0.2722,0.324,0.0016,0.0802,0.0058
120104,南开区,0.4307,0.0622,0.2822,0.2221,0.3544,0.001,0.0743,0.0039
120105,河北区,0.3615,0.0516,0.2142,0.235,0.3876,0.0004,0.1041,0.0071
120106,红桥区,0.3694,0.0469,0.2284,0.2529,0.364,0.0008,0.1059,0.001
120110,东丽区,0.5083,0.029,0.1589,0.1395,0.3916,0.0054,0.2694,0.0061
120111,西青区,0.4895,0.0505,0.1493,0.1642,0.36,0.0287,0.2191,0.0282
120112,津南区,0.4831,0.056,0.1454,0.1231,0.3912,0.0059,0.277,0.0014
120113,北辰区,0.4488,0.0521,0.1471,0.1424,0.3748,0.026,0.2362,0.0214
120114,武清区,0.5579,0.0381,0.1111,0.0826,0.2852,0.2197,0.2604,0.0029
120115,宝坻区,0.5364,0.0364,0.0958,0.0758,0.2483,0.2212,0.3196,0.0028
120116,滨海新区,0.5522,0.0465,0.1821,0.1636,0.348,0.02,0.233,0.0069
120117,宁河区,0.5061,0.0164,0.0892,0.0894,0.2635,0.2919,0.2459,0.0039
120118,静海区,0.4607,0.0347,0.1012,0.0815,0.2772,0.1804,0.3141,0.0109
120119,蓟州区,0.5088,0.0162,0.0927,0.0709,0.3062,0.3127,0.1987,0.0026
130102,长安区,0.5711,0.0545,0.2072,0.1256,0.4789,0.0106,0.1226,0.0005
130104,桥西区,0.5459,0.052,0.2288,0.1733,0.4565,0.0014,0.0851,0.0028
130105,新华区,0.5377,0.0314,0.2218,0.136,0.4878,0.0041,0.1176,0.0012
130107,井陉矿区,0.4707,0.0256,0.1202,0.1154,0.3916,0.014,0.3332,0
130108,裕华区,0.5138,0.0674,0.2596,0.1523,0.4148,0.0034,0.1015,0.0009
130109,藁城区,0.6563,0.0144,0.0731,0.0372,0.2991,0.3167,0.259,0.0005
130110,鹿泉区,0.5435,0.0116,0.1481,0.0486,0.4886,0.0743,0.2287,0
130111,栾城区,0.5303,0.0223,0.1111,0.0605,0.3997,0.1245,0.2817,0.0002
130121,井陉县,0.6203,0.0154,0.0653,0.0506,0.2796,0.4136,0.1755,0.0001
130123,正定县,0.5274,0.0311,0.1253,0.064,0.4204,0.0706,0.2884,0.0001
130125,行唐县,0.6682,0.0127,0.0578,0.0373,0.3237,0.3554,0.2127,0.0005
130126,灵寿县,0.5185,0.0087,0.0766,0.0507,0.2857,0.3754,0.2028,0.0001
130127,高邑县,0.5158,0.0168,0.0937,0.0652,0.4096,0.0906,0.3233,0.0007
130128,深泽县,0.5142,0.0139,0.052,0.0399,0.2988,0.2569,0.3362,0.0024
130129,赞皇县,0.5251,0.0162,0.0724,0.06,0.292,0.32,0.2392,0.0002
130130,无极县,0.6209,0.0166,0.0653,0.0323,0.2997,0.2296,0.3561,0.0005
130131,平山县,0.4817,0.0175,0.0953,0.0727,0.336,0.2101,0.2679,0.0005
130132,元氏县,0.5622,0.016,0.0809,0.0423,0.3966,0.2222,0.2421,0.0001
130133,赵县,0.6034,0.0137,0.0668,0.0367,0.2843,0.3148,0.2828,0.0009
130171,石家庄高新技术产业开发区,0.5876,0.0424,0.2114,0.1232,0.4103,0.0079,0.2046,0.0002
130172,石家庄循环化工园区,0.5762,0.0193,0.1045,0.0406,0.3731,0.0439,0.4185,0
130181,辛集市,0.565,0.0276,0.0737,0.0417,0.2702,0.3184,0.2672,0.0011
130183,晋州市,0.5949,0.0179,0.061,0.0335,0.3491,0.1348,0.4023,0.0012
130184,新乐市,0.5151,0.0202,0.0844,0.0464,0.3335,0.2268,0.2882,0.0005
130202,路南区,0.5455,0.0318,0.1708,0.1197,0.4864,0.0408,0.1503,0.0001
130203,路北区,0.4672,0.0355,0.2203,0.1632,0.397,0.0312,0.1527,0.0001
130204,古冶区,0.3781,0.0153,0.1373,0.1021,0.3351,0.0528,0.3573,0
130205,开平区,0.5305,0.0189,0.1104,0.0726,0.3947,0.1682,0.235,0.0001
130207,丰南区,0.55,0.0146,0.0997,0.0642,0.3212,0.2311,0.2692,0
130208,丰润区,0.5351,0.0201,0.1087,0.0553,0.3669,0.2145,0.2344,0
130209,曹妃甸区,0.5256,0.0112,0.1192,0.1118,0.3182,0.0844,0.3548,0.0003
130224,滦南县,0.6326,0.0055,0.0692,0.0334,0.2677,0.4319,0.1924,0
130225,乐亭县,0.7043,0.0065,0.0617,0.0401,0.355,0.3226,0.214,0
130227,迁西县,0.6422,0.0135,0.0834,0.0598,0.285,0.3167,0.2415,0.0001
130229,玉田县,0.5716,0.0163,0.0703,0.0406,0.2784,0.3798,0.2146,0
130271,河北唐山芦台经济开发区,0.5695,0.0306,0.0556,0.0518,0.2031,0.0839,0.5749,0
130272,唐山市汉沽管理区,0.5654,0.015,0.0631,0.0793,0.3398,0.163,0.3394,0.0004
130273,唐山高新技术产业开发区,0.4288,0.0212,0.1694,0.1356,0.3643,0.048,0.2614,0.0001
130274,河北唐山海港经济开发区,0.6643,0.012,0.0984,0.1015,0.3067,0.269,0.2122,0.0004
130281,遵化市,0.5819,0.0129,0.0879,0.0438,0.3572,0.2623,0.2358,0.0001
130283,迁安市,0.6183,0.018,0.1031,0.0707,0.3123,0.2207,0.2747,0.0005
130284,滦州市,0.5823,0.009,0.0694,0.046,0.3174,0.3121,0.2461,0.0001
130302,海港区.,0.4619,0.0401,0.1661,0.1337,0.4457,0.0291,0.1805,0.0048
130303,山海关区,0.4508,0.0294,0.1175,0.1019,0.3563,0.1385,0.2563,0.0002
130304,北戴河区,0.4167,0.0332,0.1317,0.1346,0.3585,0.1475,0.1857,0.0088
130306,抚宁区,0.6236,0.0151,0.0654,0.0444,0.21,0.4761,0.1869,0.0021
130321,青龙满族自治县,0.5416,0.0118,0.0653,0.0376,0.1742,0.5288,0.1759,0.0064
130322,昌黎县,0.5733,0.0049,0.0545,0.041,0.2116,0.4943,0.1938,0
130324,卢龙县,0.64,0.0083,0.0529,0.0364,0.1603,0.5894,0.1526,0.0002
130371,秦皇岛市经济技术开发区,0.5131,0.0351,0.1546,0.1354,0.3377,0.0252,0.3108,0.0013
130372,北戴河新区,0.5225,0.0214,0.0685,0.0369,0.2919,0.2426,0.335,0.0037
130402,邯山区,0.51,0.0254,0.1679,0.1216,0.4465,0.0517,0.1869,0.0001
130403,丛台区,0.5554,0.0233,0.143,0.1519,0.463,0.034,0.1844,0.0004
130404,复兴区,0.54,0.0129,0.1392,0.0868,0.5006,0.031,0.2283,0.0011
130406,峰峰矿区,0.6164,0.0063,0.0932,0.0836,0.4337,0.1187,0.2643,0.0003
130407,肥乡区,0.6829,0.0084,0.0628,0.0335,0.3715,0.2292,0.2926,0.0021
130408,永年区,0.7151,0.0118,0.0545,0.0261,0.371,0.1891,0.3476,0
130423,临漳县,0.6991,0.0085,0.0593,0.0218,0.3058,0.2536,0.3501,0.0008
130424,成安县,0.7607,0.0068,0.0616,0.0333,0.2849,0.2785,0.3349,0
130425,大名县,0.6513,0.0101,0.0557,0.0195,0.2816,0.3358,0.2972,0
130426,涉县,0.6487,0.01,0.0812,0.0545,0.3385,0.242,0.2739,0
130427,磁县,0.6754,0.0064,0.0817,0.0575,0.3162,0.2195,0.3188,0
130430,邱县,0.7092,0.0073,0.0614,0.0425,0.3239,0.3208,0.2442,0
130431,鸡泽县,0.5878,0.0225,0.0733,0.042,0.2839,0.1249,0.4535,0
130432,广平县,0.7529,0.0098,0.0505,0.0236,0.2831,0.2538,0.3793,0
130433,馆陶县,0.6245,0.0103,0.0699,0.0396,0.3237,0.2376,0.3189,0
130434,魏县,0.7298,0.01,0.0426,0.0158,0.36,0.3008,0.2708,0
130435,曲周县,0.6459,0.0092,0.0695,0.0391,0.2631,0.2966,0.3221,0.0004
130471,邯郸经济技术开发区,0.5178,0.0168,0.062,0.0547,0.3741,0.1762,0.3162,0
130473,邯郸冀南新区,0.6398,0.0127,0.0534,0.0277,0.2929,0.1709,0.4422,0.0002
130481,武安市,0.5594,0.0115,0.0934,0.0695,0.3352,0.1791,0.3115,0
130502,襄都区,0.5064,0.0366,0.1518,0.1258,0.4769,0.0231,0.1823,0.0036
130503,信都区,0.5334,0.0295,0.1451,0.1319,0.3162,0.2094,0.1641,0.0038
130505,任泽区,0.6028,0.0138,0.0605,0.0383,0.2726,0.1824,0.4289,0.0034
130506,南和区,0.5636,0.0081,0.067,0.0333,0.3476,0.2637,0.2776,0.0028
130522,临城县,0.5722,0.013,0.0758,0.0491,0.2476,0.4117,0.1998,0.0032
130523,内丘县,0.5186,0.0225,0.0845,0.0501,0.2318,0.3626,0.2438,0.0048
130524,柏乡县,0.534,0.0154,0.0788,0.0414,0.2685,0.3124,0.2823,0.0012
130525,隆尧县,0.5027,0.0167,0.0679,0.035,0.2797,0.31,0.2843,0.0064
130528,宁晋县,0.5916,0.0202,0.0631,0.0385,0.2442,0.2457,0.3829,0.0055
130529,巨鹿县,0.5368,0.015,0.0521,0.0244,0.1994,0.5386,0.1633,0.0072
130530,新河县,0.505,0.0112,0.0616,0.0553,0.2111,0.4154,0.2383,0.0071
130531,广宗县,0.6469,0.0147,0.0536,0.0297,0.204,0.393,0.2984,0.0067
130532,平乡县,0.6741,0.0284,0.0528,0.0466,0.2834,0.1474,0.4392,0.0022
130533,威县,0.6537,0.0094,0.053,0.0261,0.2411,0.4819,0.1879,0.0006
130534,清河县,0.5821,0.0144,0.06,0.0397,0.2887,0.1951,0.3998,0.0023
130535,临西县,0.5543,0.0106,0.0611,0.0259,0.2431,0.3402,0.3142,0.0049
130571,河北邢台经济开发区,0.5693,0.0281,0.0871,0.0527,0.4149,0.0687,0.345,0.0035
130581,南宫市,0.6264,0.0079,0.0453,0.0298,0.2201,0.5054,0.1787,0.0127
130582,沙河市,0.5756,0.0251,0.1036,0.0622,0.3663,0.1837,0.2577,0.0014
130602,竞秀区,0.5397,0.0285,0.1728,0.153,0.4519,0.0115,0.178,0.0043
130606,莲池区,0.4611,0.0364,0.1958,0.1453,0.4472,0.0395,0.1301,0.0057
130607,满城区,0.6187,0.0151,0.0718,0.0454,0.2503,0.3827,0.2302,0.0046
130608,清苑区,0.5795,0.0123,0.0658,0.0374,0.2311,0.41,0.2375,0.0059
130609,徐水区,0.608,0.0198,0.0788,0.0412,0.3391,0.1481,0.3696,0.0034
130623,涞水县,0.5822,0.0167,0.0848,0.0515,0.3126,0.2976,0.2319,0.005
130624,阜平县,0.4664,0.0179,0.0948,0.0986,0.3378,0.1325,0.3086,0.0099
130626,定兴县,0.5674,0.0202,0.0673,0.0367,0.2379,0.3432,0.2927,0.002
130627,唐县,0.5162,0.0095,0.0831,0.0401,0.2653,0.2687,0.3327,0.0006
130628,高阳县,0.6301,0.0291,0.0674,0.0457,0.2858,0.2355,0.3354,0.0012
130629,容城县,0.5776,0.0248,0.0902,0.073,0.3534,0.0404,0.418,0.0002
130630,涞源县,0.542,0.0154,0.0766,0.0658,0.2623,0.417,0.1616,0.0014
130631,望都县,0.6987,0.0181,0.0717,0.0468,0.2223,0.3875,0.2503,0.0033
130632,安新县,0.5355,0.0219,0.0646,0.04,0.3479,0.1636,0.3572,0.0049
130633,易县,0.4681,0.0286,0.0996,0.0538,0.3158,0.2422,0.2594,0.0007
130634,曲阳县,0.6305,0.0112,0.0663,0.0315,0.2557,0.272,0.3562,0.0072
130635,蠡县,0.7008,0.009,0.0431,0.0231,0.2048,0.4902,0.2272,0.0026
130636,顺平县,0.5431,0.0097,0.0619,0.0459,0.2112,0.4029,0.2531,0.0152
130637,博野县,0.5854,0.0127,0.059,0.0306,0.221,0.4082,0.2657,0.0029
130638,雄县,0.5531,0.0253,0.0784,0.0364,0.3797,0.0987,0.3777,0.0038
130671,保定高新技术产业开发区,0.6502,0.0244,0.1496,0.1127,0.4058,0.0758,0.228,0.0038
130672,保定白沟新城,0.7008,0.0343,0.0504,0.0233,0.4173,0.006,0.4684,0.0003
130681,涿州市,0.6284,0.0277,0.1168,0.0615,0.3497,0.2493,0.1912,0.0037
130682,定州市,0.582,0.0167,0.082,0.0364,0.2614,0.3231,0.2768,0.0036
130683,安国市,0.6653,0.0087,0.0501,0.0273,0.2316,0.4735,0.2048,0.004
130684,高碑店市,0.6248,0.0178,0.0838,0.0523,0.334,0.1435,0.3607,0.008
130702,桥东区,0.435,0.0348,0.1577,0.1729,0.4188,0.0616,0.15,0.004
130703,桥西区,0.4246,0.0226,0.1743,0.1338,0.4995,0.0114,0.1582,0.0003
130705,宣化区,0.4126,0.0165,0.1146,0.0916,0.3628,0.1593,0.2399,0.0154
130706,下花园区,0.4264,0.0208,0.1179,0.1333,0.3428,0.0909,0.2921,0.0022
130708,万全区,0.4407,0.0289,0.0989,0.0766,0.3347,0.2142,0.2458,0.0009
130709,崇礼区,0.4619,0.0167,0.0925,0.1038,0.3582,0.0976,0.3297,0.0015
130722,张北县,0.3744,0.0201,0.1113,0.0677,0.3977,0.222,0.1799,0.0014
130723,康保县,0.4942,0.0102,0.0627,0.0758,0.3159,0.4028,0.1265,0.0062
130724,沽源县,0.4435,0.0093,0.0558,0.0691,0.3216,0.4248,0.0931,0.0263
130725,尚义县,0.4532,0.0143,0.0763,0.0917,0.2598,0.3992,0.1486,0.01
130726,蔚县,0.584,0.0104,0.0729,0.0472,0.284,0.4348,0.1487,0.0021
130727,阳原县,0.4237,0.0148,0.0837,0.0752,0.2373,0.3377,0.2512,0.0001
130728,怀安县,0.5532,0.0127,0.0609,0.0777,0.2296,0.4511,0.1667,0.0011
130730,怀来县,0.451,0.0226,0.1092,0.0757,0.377,0.2283,0.1843,0.0029
130731,涿鹿县,0.4513,0.0157,0.084,0.0645,0.2694,0.3884,0.17,0.008
130732,赤城县,0.4288,0.0141,0.0584,0.0857,0.2202,0.4575,0.1263,0.0377
130771,张家口经济开发区,0.4135,0.0416,0.1565,0.1306,0.4103,0.0593,0.2001,0.0016
130772,张家口市察北管理区,0.5178,0.0211,0.1097,0.1055,0.2293,0.3122,0.2039,0.0183
130773,张家口市塞北管理区,0.5339,0.0268,0.1037,0.0936,0.3211,0.2542,0.2007,0
130802,双桥区,0.4565,0.0541,0.2029,0.1696,0.4395,0.0104,0.1186,0.0049
130803,双滦区,0.4716,0.0327,0.1458,0.1084,0.3775,0.0712,0.2619,0.0024
130804,鹰手营子矿区,0.3789,0.0275,0.1213,0.14,0.4001,0.0141,0.2947,0.0023
130821,承德县,0.5294,0.0154,0.0914,0.0526,0.2671,0.3607,0.2108,0.0019
130822,兴隆县,0.4638,0.0178,0.0905,0.0608,0.3236,0.2969,0.209,0.0014
130824,滦平县,0.5472,0.0268,0.1007,0.0713,0.297,0.278,0.2258,0.0003
130825,隆化县,0.5482,0.0172,0.0858,0.0472,0.2576,0.416,0.175,0.0012
130826,丰宁满族自治县,0.486,0.0197,0.0857,0.0609,0.2875,0.3849,0.1607,0.0006
130827,宽城满族自治县,0.4111,0.0265,0.1154,0.0875,0.2917,0.1659,0.3075,0.0055
130828,围场满族蒙古族自治县,0.3984,0.0238,0.0969,0.0725,0.3632,0.2507,0.1926,0.0004
130871,承德高新技术产业开发区,0.3249,0.0358,0.1948,0.1609,0.3586,0.0795,0.1694,0.0011
130881,平泉市,0.4395,0.0125,0.098,0.0556,0.2888,0.3393,0.2028,0.003
130902,新华区,0.5675,0.035,0.1844,0.1179,0.5207,0.0135,0.1274,0.0011
130903,运河区,0.5533,0.0401,0.2194,0.1493,0.461,0.0163,0.1125,0.0014
130921,沧县,0.7282,0.0151,0.0427,0.0155,0.2463,0.3485,0.3312,0.0006
130922,青县,0.6648,0.0214,0.0678,0.0355,0.249,0.3469,0.2772,0.0022
130923,东光县,0.748,0.0142,0.0586,0.0354,0.2068,0.4996,0.1837,0.0017
130924,海兴县,0.619,0.0108,0.0766,0.0601,0.2612,0.3352,0.251,0.005
130925,盐山县,0.7726,0.0132,0.0514,0.0335,0.2617,0.4598,0.1802,0.0001
130926,肃宁县,0.7057,0.0124,0.0613,0.0389,0.2482,0.3936,0.2437,0.0018
130927,南皮县,0.6625,0.021,0.0619,0.0277,0.182,0.4602,0.2459,0.0013
130928,吴桥县,0.5538,0.0103,0.0805,0.0515,0.2317,0.4336,0.1884,0.004
130929,献县,0.6765,0.0151,0.0571,0.0282,0.2359,0.4171,0.2453,0.0013
130930,孟村回族自治县,0.5466,0.029,0.0818,0.054,0.3172,0.2203,0.2952,0.0026
130971,河北沧州经济开发区,0.5297,0.0371,0.0952,0.0666,0.4414,0.0236,0.3361,0
130972,沧州高新技术产业开发区,0.7662,0.0172,0.0735,0.0392,0.5221,0.1005,0.2475,0
130973,沧州渤海新区,0.506,0.0182,0.2054,0.1643,0.292,0.0602,0.2495,0.0102
130981,泊头市,0.6161,0.0205,0.0568,0.0336,0.3294,0.2685,0.2886,0.0025
130982,任丘市,0.5653,0.0371,0.1163,0.0683,0.3192,0.1012,0.3565,0.0014
130983,黄骅市,0.702,0.019,0.0763,0.0641,0.3472,0.2668,0.2262,0.0004
130984,河间市,0.692,0.0194,0.0574,0.0283,0.2827,0.2835,0.327,0.0017
131002,安次区,0.5568,0.0356,0.1469,0.0702,0.4333,0.0638,0.2503,0
131003,广阳区,0.5282,0.0384,0.1811,0.1756,0.4252,0.0429,0.1264,0.0104
131022,固安县,0.5461,0.0375,0.1075,0.0575,0.3569,0.235,0.2048,0.0007
131023,永清县,0.6659,0.0124,0.0575,0.0317,0.326,0.3697,0.2007,0.0021
131024,香河县,0.583,0.0337,0.087,0.0558,0.4429,0.1452,0.2344,0.0009
131025,大城县,0.6267,0.0266,0.0647,0.0271,0.2695,0.2852,0.3232,0.0037
131026,文安县,0.5947,0.0268,0.0574,0.0339,0.3187,0.205,0.3576,0.0007
131028,大厂回族自治县,0.5322,0.0376,0.1366,0.1074,0.418,0.061,0.2362,0.0032
131071,廊坊经济技术开发区,0.6674,0.0155,0.0966,0.0498,0.5528,0.0448,0.24,0.0006
131081,霸州市,0.6102,0.0445,0.0717,0.0435,0.416,0.034,0.3842,0.006
131082,三河市,0.5462,0.0465,0.169,0.1055,0.4685,0.0473,0.1544,0.0087
131102,桃城区,0.5589,0.0245,0.1459,0.1202,0.4313,0.1063,0.1696,0.0021
131103,冀州区,0.6022,0.012,0.0729,0.0532,0.1888,0.5041,0.1689,0.0001
131121,枣强县,0.6222,0.0107,0.0611,0.0407,0.2125,0.2393,0.4342,0.0015
131122,武邑县,0.5277,0.0063,0.0671,0.0373,0.1793,0.5238,0.1838,0.0025
131123,武强县,0.5951,0.0068,0.063,0.0444,0.2181,0.4024,0.2644,0.001
131124,饶阳县,0.6878,0.0091,0.0474,0.0403,0.1441,0.6015,0.1566,0.0011
131125,安平县,0.633,0.0347,0.0595,0.049,0.312,0.1726,0.3706,0.0017
131126,故城县,0.5835,0.0113,0.0608,0.0343,0.1891,0.4358,0.2635,0.0052
131127,景县,0.5442,0.0116,0.0528,0.034,0.257,0.3765,0.2666,0.0016
131128,阜城县,0.6117,0.0112,0.0508,0.0285,0.2121,0.4453,0.252,0.0001
131171,河北衡水高新技术产业开发区,0.5482,0.0291,0.1447,0.0538,0.4281,0.0657,0.2772,0.0015
131172,衡水滨湖新区,0.3188,0.0264,0.0819,0.0278,0.3776,0.1634,0.3128,0.0102
131182,深州市,0.6451,0.0091,0.0528,0.0325,0.1661,0.61,0.1289,0.0007
140105,小店区,0.5217,0.0541,0.2297,0.1605,0.3922,0.0144,0.1426,0.0065
140106,迎泽区,0.5338,0.0431,0.2399,0.1971,0.4306,0.003,0.0854,0.0008
140107,杏花岭区,0.49,0.0463,0.2203,0.1708,0.4167,0.0023,0.1399,0.0036
140108,尖草坪区,0.4183,0.0351,0.1826,0.122,0.4023,0.0284,0.2222,0.0074
140109,万柏林区,0.4869,0.0316,0.2255,0.1742,0.3881,0.0032,0.1753,0.0022
140110,晋源区,0.4812,0.0532,0.1718,0.1355,0.4387,0.0225,0.1762,0.0021
140121,清徐县,0.5425,0.0146,0.0969,0.0615,0.3093,0.2838,0.2319,0.0021
140122,阳曲县,0.5008,0.0171,0.1029,0.0872,0.3276,0.2972,0.1675,0.0004
140123,娄烦县,0.3871,0.0187,0.1241,0.1175,0.3411,0.2045,0.1877,0.0062
140171,山西转型综合改革示范区,0.5912,0.0226,0.1193,0.0682,0.24,0.0243,0.5242,0.0013
140181,古交市,0.4119,0.0177,0.1427,0.1152,0.3158,0.039,0.3694,0.0002
140212,新荣区,0.4426,0.0135,0.0701,0.0417,0.3634,0.2841,0.2231,0.0041
140213,平城区,0.4518,0.0302,0.167,0.1511,0.4537,0.014,0.183,0.001
140214,云冈区,0.3377,0.0097,0.1325,0.1077,0.3115,0.0388,0.3995,0.0004
140215,云州区,0.4372,0.0088,0.0777,0.0579,0.3881,0.2828,0.1842,0.0004
140221,阳高县,0.6128,0.0082,0.0567,0.0319,0.181,0.6283,0.0939,0
140222,天镇县,0.3302,0.0048,0.0713,0.044,0.2144,0.4247,0.2395,0.0012
140223,广灵县,0.4881,0.0045,0.0748,0.0498,0.2654,0.4035,0.2005,0.0015
140224,灵丘县,0.4372,0.0113,0.0815,0.0537,0.259,0.4011,0.1909,0.0026
140225,浑源县,0.4998,0.0056,0.0524,0.0336,0.2268,0.5492,0.1324,0
140226,左云县,0.5473,0.0131,0.0836,0.0853,0.3356,0.1375,0.3446,0.0003
140271,山西大同经济开发区,0.484,0.0226,0.0774,0.0623,0.5038,0.0057,0.3283,0
140302,城区,0.4984,0.0106,0.1773,0.178,0.4335,0.005,0.195,0.0005
140303,矿区,0.4745,0.0179,0.1611,0.1292,0.2954,0.0029,0.3934,0.0001
140311,郊区,0.492,0.0218,0.1428,0.1414,0.4117,0.038,0.244,0.0003
140321,平定县,0.4444,0.0138,0.0981,0.0787,0.374,0.1811,0.2544,0
140322,盂县,0.4816,0.0194,0.0852,0.0886,0.3175,0.2563,0.2324,0.0005
140403,潞州区,0.5441,0.0331,0.1684,0.1503,0.4206,0.0208,0.2063,0.0007
140404,上党区,0.5218,0.0158,0.0788,0.0665,0.356,0.2118,0.271,0.0001
140405,屯留区,0.7412,0.0075,0.0579,0.0399,0.1841,0.5254,0.1847,0.0005
140406,潞城区,0.5135,0.0199,0.0951,0.0797,0.2844,0.2266,0.2936,0.0007
140423,襄垣县,0.5394,0.0188,0.0998,0.0978,0.2497,0.2741,0.2598,0
140425,平顺县,0.5608,0.0087,0.0721,0.0547,0.2415,0.446,0.177,0
140426,黎城县,0.5659,0.0139,0.0831,0.0596,0.2287,0.4103,0.2011,0.0033
140427,壶关县,0.6833,0.0163,0.0584,0.0288,0.2,0.5147,0.1819,0
140428,长子县,0.5191,0.0123,0.0653,0.0612,0.2618,0.3691,0.2278,0.0026
140429,武乡县,0.5663,0.0244,0.0723,0.0693,0.1791,0.5006,0.1544,0
140430,沁县,0.6417,0.0081,0.0568,0.0396,0.2248,0.5515,0.1184,0.0008
140431,沁源县,0.5777,0.0212,0.0946,0.0876,0.2341,0.187,0.375,0.0006
140502,城区,0.542,0.04,0.1578,0.1872,0.3601,0.0043,0.2498,0.0008
140521,沁水县,0.5719,0.0165,0.1126,0.0974,0.2279,0.2342,0.3112,0.0003
140522,阳城县,0.4983,0.0243,0.1039,0.1041,0.287,0.1721,0.3076,0.0011
140524,陵川县,0.5646,0.0115,0.0677,0.0592,0.2162,0.4529,0.1921,0.0003
140525,泽州县,0.5114,0.0168,0.0777,0.0578,0.319,0.161,0.3665,0.0012
140581,高平市,0.5763,0.0193,0.0811,0.0852,0.2679,0.2035,0.3411,0.0019
140602,朔城区,0.4732,0.0224,0.1466,0.1033,0.3678,0.1758,0.1785,0.0055
140603,平鲁区,0.4633,0.0117,0.1071,0.0963,0.3206,0.1885,0.2736,0.0022
140621,山阴县,0.4509,0.0149,0.1042,0.0686,0.311,0.2656,0.2336,0.0021
140622,应县,0.409,0.0101,0.0748,0.0444,0.2066,0.4512,0.2082,0.0047
140623,右玉县,0.5337,0.0293,0.0959,0.1016,0.2896,0.2376,0.2457,0.0003
140671,山西朔州经济开发区,0.5301,0.0319,0.1901,0.1464,0.3016,0.0145,0.3063,0.0092
140681,怀仁市,0.4116,0.0108,0.1298,0.0719,0.3535,0.1107,0.3159,0.0073
140702,榆次区,0.4404,0.0258,0.1533,0.127,0.427,0.1104,0.1531,0.0035
140703,太谷区,0.4689,0.0149,0.1161,0.0624,0.2998,0.2747,0.2318,0.0002
140721,榆社县,0.6105,0.0135,0.0938,0.0712,0.2153,0.4429,0.1624,0.001
140722,左权县,0.5061,0.0176,0.0977,0.0795,0.2852,0.3309,0.1887,0.0005
140723,和顺县,0.4553,0.022,0.0926,0.1079,0.3068,0.2393,0.2302,0.0011
140724,昔阳县,0.4886,0.011,0.0772,0.0733,0.2619,0.3925,0.1836,0.0005
140725,寿阳县,0.5172,0.0147,0.0799,0.0722,0.2605,0.3114,0.2573,0.004
140727,祁县,0.5076,0.0099,0.0757,0.0637,0.3253,0.3124,0.2119,0.001
140728,平遥县,0.4087,0.011,0.1081,0.0601,0.3318,0.2701,0.2186,0.0003
140729,灵石县,0.4796,0.0156,0.1004,0.0989,0.3934,0.0905,0.2997,0.0014
140781,介休市,0.6264,0.0156,0.1025,0.0826,0.3474,0.186,0.2656,0.0003
140802,盐湖区,0.5519,0.0292,0.1405,0.0997,0.3859,0.2163,0.1276,0.0007
140821,临猗县,0.7293,0.0102,0.0568,0.0269,0.2082,0.6108,0.0856,0.0015
140822,万荣县,0.6203,0.0091,0.0555,0.0265,0.2452,0.5258,0.1352,0.0027
140823,闻喜县,0.5175,0.0122,0.0758,0.0435,0.2759,0.3561,0.2358,0.0006
140824,稷山县,0.643,0.0114,0.0703,0.0264,0.2499,0.4684,0.1723,0.0012
140825,新绛县,0.6173,0.0115,0.064,0.0293,0.2305,0.5249,0.1384,0.0013
140826,绛县,0.5965,0.0076,0.0691,0.0479,0.2725,0.441,0.1618,0
140827,垣曲县,0.429,0.0184,0.1098,0.0892,0.3049,0.2043,0.2717,0.0017
140828,夏县,0.6325,0.0111,0.0507,0.0299,0.1696,0.6126,0.125,0.0012
140829,平陆县,0.5253,0.0086,0.0701,0.0453,0.2802,0.4647,0.1283,0.0028
140830,芮城县,0.6835,0.0098,0.0648,0.0368,0.2546,0.4491,0.1798,0.0051
140881,永济市,0.6767,0.0102,0.069,0.0402,0.3168,0.4589,0.1026,0.0023
140882,河津市,0.5242,0.0171,0.1106,0.0808,0.3572,0.1472,0.2766,0.0105
140902,忻府区,0.4467,0.0268,0.1417,0.1106,0.3365,0.2217,0.1591,0.0037
140921,定襄县,0.4172,0.0122,0.0778,0.065,0.2439,0.3396,0.2583,0.0032
140922,五台县,0.3618,0.0094,0.098,0.0762,0.2386,0.3737,0.202,0.0021
140923,代县,0.42,0.01,0.0834,0.0668,0.2569,0.3465,0.2333,0.003
140924,繁峙县,0.5111,0.0156,0.083,0.074,0.3012,0.3094,0.2162,0.0004
140925,宁武县,0.4434,0.0204,0.1127,0.0988,0.3486,0.1349,0.28,0.0045
140926,静乐县,0.4629,0.0199,0.0898,0.0712,0.2966,0.2863,0.235,0.0012
140927,神池县,0.5378,0.0113,0.0744,0.0533,0.258,0.5221,0.0808,0
140928,五寨县,0.5052,0.0086,0.0711,0.0642,0.2661,0.5106,0.0782,0.0012
140929,岢岚县,0.5595,0.0155,0.0822,0.0865,0.2856,0.3114,0.2171,0.0017
140930,河曲县,0.5207,0.025,0.1092,0.0859,0.2945,0.2705,0.2146,0.0002
140931,保德县,0.4816,0.0211,0.1097,0.1196,0.3589,0.1257,0.2645,0.0004
140932,偏关县,0.4622,0.0185,0.1042,0.0723,0.2785,0.366,0.1592,0.0013
140971,五台山风景名胜区,0.468,0.0611,0.067,0.1674,0.5808,0.0771,0.0466,0
140981,原平市,0.4108,0.0185,0.1027,0.068,0.2746,0.3439,0.1892,0.0031
141002,尧都区,0.4606,0.0313,0.1457,0.1079,0.4242,0.1322,0.1584,0.0002
141021,曲沃县,0.5509,0.0095,0.0931,0.0415,0.2837,0.3282,0.2439,0
141022,翼城县,0.5678,0.01,0.0831,0.0461,0.2352,0.4854,0.1398,0.0004
141023,襄汾县,0.5948,0.0072,0.0549,0.0266,0.2055,0.5841,0.1217,0
141024,洪洞县,0.4814,0.0115,0.089,0.0426,0.3242,0.3424,0.1901,0.0002
141025,古县,0.5929,0.0228,0.0989,0.0782,0.2442,0.3191,0.2368,0
141026,安泽县,0.6538,0.0168,0.0926,0.0952,0.188,0.4451,0.1624,0
141027,浮山县,0.5061,0.0159,0.0841,0.0697,0.2287,0.449,0.1522,0.0005
141028,吉县,0.5824,0.0088,0.0575,0.0661,0.1558,0.59,0.1219,0
141029,乡宁县,0.623,0.0152,0.0824,0.0675,0.2849,0.337,0.213,0
141030,大宁县,0.4422,0.0215,0.0857,0.0792,0.3385,0.2778,0.1972,0
141031,隰县,0.5483,0.0111,0.0598,0.0772,0.2336,0.5197,0.0987,0
141032,永和县,0.5876,0.014,0.0677,0.0772,0.2096,0.502,0.1291,0.0004
141033,蒲县,0.6469,0.0147,0.0705,0.0791,0.2779,0.3101,0.2476,0
141034,汾西县,0.476,0.0174,0.0965,0.0522,0.2928,0.3674,0.1733,0.0003
141081,侯马市,0.5081,0.0119,0.1057,0.0745,0.4779,0.0861,0.2435,0.0003
141082,霍州市,0.4638,0.018,0.1014,0.1082,0.3324,0.1871,0.2504,0.0025
141102,离石区,0.4343,0.0253,0.1796,0.145,0.3734,0.0393,0.2298,0.0076
141121,文水县,0.48,0.0213,0.0741,0.0532,0.3374,0.2808,0.2229,0.0104
141122,交城县,0.3996,0.0232,0.1168,0.0832,0.3453,0.0841,0.3295,0.018
141123,兴县,0.5707,0.0192,0.0872,0.0723,0.3103,0.2753,0.2284,0.0072
141124,临县,0.5191,0.0061,0.0688,0.0371,0.3001,0.3411,0.246,0.0008
141125,柳林县,0.4856,0.0166,0.1262,0.0771,0.3146,0.114,0.3484,0.003
141126,石楼县,0.5247,0.0109,0.0634,0.0607,0.2654,0.4127,0.1847,0.0023
141127,岚县,0.5669,0.0151,0.0745,0.0519,0.2509,0.4162,0.189,0.0023
141128,方山县,0.4554,0.0164,0.0929,0.0867,0.2534,0.2629,0.2873,0.0005
141129,中阳县,0.4815,0.0217,0.1038,0.085,0.2881,0.1171,0.3817,0.0027
141130,交口县,0.4145,0.0194,0.1202,0.0991,0.3493,0.1484,0.2629,0.0007
141181,孝义市,0.4263,0.0201,0.1459,0.1205,0.3554,0.0434,0.3086,0.006
141182,汾阳市,0.4292,0.018,0.1168,0.0794,0.3845,0.1302,0.2706,0.0005
150102,新城区,0.5023,0.0461,0.1994,0.169,0.4351,0.0075,0.1346,0.0083
150103,回民区,0.4887,0.0208,0.1671,0.1099,0.539,0.0055,0.1572,0.0004
150104,玉泉区,0.5212,0.0234,0.157,0.103,0.5016,0.017,0.1947,0.0033
150105,赛罕区,0.4845,0.0322,0.2293,0.1992,0.3898,0.0449,0.104,0.0006
150121,土默特左旗,0.4238,0.0139,0.077,0.0604,0.2838,0.4052,0.1594,0.0002
150122,托克托县,0.5087,0.0123,0.0806,0.0713,0.3008,0.2956,0.2394,0
150123,和林格尔县,0.4564,0.0103,0.0882,0.0772,0.3013,0.3604,0.1614,0.001
150124,清水河县,0.446,0.0123,0.0929,0.0978,0.2955,0.3183,0.1828,0.0004
150125,武川县,0.3958,0.0075,0.0879,0.0984,0.3068,0.4267,0.0727,0
150172,呼和浩特经济技术开发区,0.5524,0.0291,0.1522,0.0671,0.4493,0.0579,0.2439,0.0005
150202,东河区,0.4733,0.0253,0.134,0.0871,0.4811,0.0831,0.1889,0.0006
150203,昆都仑区,0.4997,0.0356,0.1722,0.1048,0.4193,0.0082,0.2543,0.0056
150204,青山区,0.4984,0.0308,0.1883,0.1168,0.4372,0.0083,0.2169,0.0017
150205,石拐区,0.5172,0.0079,0.0684,0.0942,0.3201,0.116,0.3905,0.003
150206,白云鄂博矿区,0.6095,0.0196,0.097,0.1312,0.2486,0.013,0.4898,0.0008
150207,九原区,0.5051,0.0236,0.1221,0.0711,0.4363,0.0939,0.2492,0.0038
150221,土默特右旗,0.575,0.0076,0.0649,0.0417,0.2583,0.5164,0.1098,0.0013
150222,固阳县,0.5235,0.0052,0.0462,0.0515,0.3305,0.4269,0.1396,0.0001
150223,达尔罕茂明安联合旗,0.4855,0.0214,0.0982,0.1093,0.2199,0.3922,0.1306,0.0285
150271,包头稀土高新技术产业开发区,0.5719,0.0534,0.1576,0.1287,0.3885,0.0244,0.2465,0.001
150302,海勃湾区,0.5605,0.0191,0.138,0.1402,0.4251,0.0139,0.2635,0.0002
150303,海南区,0.5754,0.0192,0.0777,0.0457,0.3542,0.0276,0.4747,0.0009
150304,乌达区,0.4994,0.0113,0.0988,0.0797,0.3622,0.0093,0.4378,0.001
150402,红山区,0.4951,0.032,0.159,0.0934,0.4794,0.0369,0.1935,0.0059
150403,元宝山区,0.3972,0.0279,0.1387,0.0906,0.3236,0.1219,0.2973,0.0001
150404,松山区,0.5764,0.0281,0.1452,0.0732,0.3012,0.2951,0.1546,0.0026
150421,阿鲁科尔沁旗,0.556,0.01,0.0798,0.0498,0.2141,0.5269,0.1124,0.0071
150422,巴林左旗,0.7326,0.007,0.0685,0.0309,0.2992,0.4558,0.137,0.0015
150423,巴林右旗,0.6494,0.009,0.0747,0.0557,0.2163,0.5328,0.1109,0.0005
150424,林西县,0.5669,0.0095,0.0805,0.0481,0.2522,0.4025,0.1996,0.0075
150425,克什克腾旗,0.5373,0.0252,0.1355,0.0678,0.2105,0.4107,0.1491,0.0013
150426,翁牛特旗,0.5088,0.0126,0.0706,0.0388,0.1553,0.607,0.1047,0.011
150428,喀喇沁旗,0.6152,0.0089,0.0657,0.04,0.1735,0.5861,0.1258,0.0001
150429,宁城县,0.6237,0.0117,0.0667,0.0343,0.2,0.5683,0.1166,0.0024
150430,敖汉旗,0.634,0.0082,0.0583,0.0281,0.1445,0.6807,0.071,0.0092
150502,科尔沁区,0.4741,0.0193,0.1203,0.0827,0.3879,0.2573,0.1305,0.002
150521,科尔沁左翼中旗,0.4746,0.0106,0.0715,0.0337,0.2189,0.5662,0.0987,0.0004
150522,科尔沁左翼后旗,0.6359,0.0083,0.0462,0.03,0.1317,0.7472,0.0365,0.0001
150523,开鲁县,0.5918,0.0086,0.0668,0.0378,0.1652,0.6529,0.0684,0.0003
150524,库伦旗,0.6907,0.0098,0.0595,0.0435,0.1231,0.7228,0.041,0.0004
150525,奈曼旗,0.5094,0.0119,0.081,0.034,0.1753,0.6208,0.0737,0.0032
150526,扎鲁特旗,0.5981,0.012,0.0841,0.0462,0.2086,0.5723,0.0763,0.0004
150571,通辽经济技术开发区,0.5175,0.0416,0.1882,0.1294,0.3801,0.1154,0.1425,0.0028
150581,霍林郭勒市,0.5844,0.034,0.1266,0.0944,0.3826,0.0141,0.3457,0.0026
150602,东胜区,0.6295,0.0431,0.1742,0.1074,0.4553,0.0248,0.195,0.0001
150603,康巴什区,0.5925,0.0406,0.234,0.2413,0.3204,0.0073,0.1499,0.0065
150621,达拉特旗,0.6237,0.0179,0.0982,0.0627,0.3137,0.3363,0.1702,0.001
150622,准格尔旗,0.5903,0.0279,0.1321,0.0969,0.3606,0.0941,0.2853,0.0031
150623,鄂托克前旗,0.6817,0.0197,0.1052,0.1111,0.2167,0.3306,0.2093,0.0074
150624,鄂托克旗,0.7358,0.0154,0.0992,0.0728,0.3076,0.1916,0.3081,0.0053
150625,杭锦旗,0.6331,0.0191,0.1001,0.091,0.2502,0.3901,0.1324,0.017
150626,乌审旗,0.7549,0.019,0.1131,0.0909,0.2652,0.2496,0.2618,0.0004
150627,伊金霍洛旗,0.6772,0.0259,0.1153,0.1302,0.3174,0.1093,0.301,0.001
150702,海拉尔区,0.4683,0.0335,0.1698,0.1541,0.4699,0.0309,0.1411,0.0007
150703,扎赉诺尔区,0.3602,0.0103,0.1391,0.1433,0.3698,0.0384,0.2904,0.0087
150721,阿荣旗,0.4502,0.0115,0.0889,0.0587,0.2606,0.4695,0.1056,0.0053
150722,莫力达瓦达斡尔族自治旗,0.4265,0.0126,0.0844,0.067,0.2133,0.5693,0.0526,0.0008
150723,鄂伦春自治旗,0.3932,0.0114,0.1179,0.1694,0.3171,0.3136,0.0563,0.0143
150724,鄂温克族自治旗,0.4875,0.031,0.1555,0.1775,0.3037,0.1835,0.1456,0.0032
150725,陈巴尔虎旗,0.5175,0.0163,0.0983,0.1037,0.3141,0.3371,0.1267,0.0038
150726,新巴尔虎左旗,0.6051,0.0165,0.105,0.1138,0.2275,0.4659,0.0455,0.0259
150727,新巴尔虎右旗,0.6454,0.0304,0.1028,0.115,0.2234,0.3593,0.1636,0.0056
150781,满洲里市,0.506,0.0344,0.1193,0.1493,0.4882,0.0126,0.1945,0.0016
150782,牙克石市,0.3375,0.0274,0.1626,0.1711,0.3839,0.0966,0.1547,0.0038
150783,扎兰屯市,0.5363,0.0186,0.0843,0.0546,0.2657,0.4681,0.108,0.0007
150784,额尔古纳市,0.4531,0.0307,0.1277,0.1688,0.2869,0.2777,0.1044,0.0037
150785,根河市,0.3798,0.03,0.1692,0.2557,0.2601,0.1595,0.1246,0.0008
150802,临河区,0.5644,0.0243,0.1338,0.1015,0.3919,0.1859,0.1606,0.002
150821,五原县,0.5483,0.0097,0.0787,0.0485,0.3074,0.466,0.0836,0.0061
150822,磴口县,0.5801,0.0146,0.0827,0.0847,0.265,0.4165,0.1346,0.0018
150823,乌拉特前旗,0.5644,0.012,0.0869,0.0581,0.2698,0.4522,0.1202,0.0007
150824,乌拉特中旗,0.6354,0.0161,0.0931,0.0816,0.2391,0.4581,0.1036,0.0085
150825,乌拉特后旗,0.6593,0.0191,0.1169,0.1083,0.2433,0.2335,0.2764,0.0025
150826,杭锦后旗,0.4728,0.0189,0.0919,0.0643,0.3271,0.3475,0.1454,0.0048
150902,集宁区,0.5069,0.0183,0.1591,0.1755,0.4642,0.0153,0.1671,0.0004
150921,卓资县,0.3729,0.026,0.1087,0.0889,0.322,0.1961,0.2565,0.0018
150922,化德县,0.3853,0.0309,0.1021,0.1153,0.2941,0.1923,0.2635,0.0016
150923,商都县,0.4102,0.0193,0.0702,0.074,0.3267,0.4124,0.0974,0
150924,兴和县,0.2632,0.0221,0.1064,0.0989,0.3836,0.209,0.1786,0.0014
150925,凉城县,0.3923,0.0133,0.0731,0.1042,0.2518,0.4231,0.1321,0.0024
150926,察哈尔右翼前旗,0.4775,0.0201,0.0864,0.0743,0.3218,0.2474,0.2488,0.0012
150927,察哈尔右翼中旗,0.4179,0.0149,0.104,0.0983,0.201,0.4738,0.1081,0
150928,察哈尔右翼后旗,0.3841,0.0204,0.108,0.0911,0.3431,0.2244,0.2107,0.0023
150929,四子王旗,0.4752,0.0255,0.0826,0.0847,0.2752,0.4425,0.0869,0.0027
150981,丰镇市,0.4316,0.0161,0.0967,0.0871,0.3093,0.2474,0.2419,0.0015
152201,乌兰浩特市,0.4883,0.0199,0.1534,0.1423,0.4338,0.0912,0.1592,0.0001
152202,阿尔山市,0.4986,0.0328,0.1061,0.2715,0.3531,0.1291,0.1061,0.0014
152221,科尔沁右翼前旗,0.5578,0.0169,0.0914,0.0614,0.1664,0.5869,0.0671,0.01
152222,科尔沁右翼中旗,0.5118,0.0152,0.0919,0.0648,0.2089,0.5576,0.0607,0.001
152223,扎赉特旗,0.4577,0.0115,0.0825,0.069,0.1806,0.5877,0.0676,0.001
152224,突泉县,0.4884,0.0088,0.0745,0.0554,0.2287,0.5438,0.0877,0.0011
152501,二连浩特市,0.5985,0.0288,0.0957,0.1151,0.594,0.041,0.1248,0.0005
152502,锡林浩特市,0.5582,0.0414,0.1436,0.1425,0.4187,0.0819,0.1651,0.0068
152522,阿巴嘎旗,0.6464,0.0191,0.0774,0.0746,0.223,0.5089,0.097,0
152523,苏尼特左旗,0.6884,0.0147,0.1134,0.0851,0.1938,0.4932,0.0998,0
152524,苏尼特右旗,0.5203,0.0213,0.1085,0.0941,0.3162,0.3272,0.132,0.0007
152525,东乌珠穆沁旗,0.6295,0.0117,0.0734,0.0863,0.2196,0.4497,0.1205,0.0389
152526,西乌珠穆沁旗,0.6675,0.0097,0.0907,0.084,0.2705,0.3359,0.2088,0.0006
152527,太仆寺旗,0.3656,0.0286,0.1139,0.0857,0.2598,0.3768,0.1338,0.0016
152528,镶黄旗,0.5963,0.0403,0.1056,0.1117,0.2272,0.4005,0.1117,0.003
152529,正镶白旗,0.5158,0.0315,0.0826,0.1157,0.2211,0.4699,0.0701,0.0092
152530,正蓝旗,0.5771,0.0143,0.0755,0.0723,0.2348,0.4796,0.106,0.0175
152531,多伦县,0.5282,0.018,0.0915,0.0858,0.3406,0.2813,0.1673,0.0156
152571,乌拉盖管委会,0.6175,0.0349,0.1073,0.1693,0.356,0.2312,0.0986,0.0026
152921,阿拉善左旗,0.6246,0.0255,0.1354,0.1434,0.3873,0.1445,0.163,0.001
152922,阿拉善右旗,0.5943,0.0464,0.1324,0.1513,0.3035,0.1943,0.172,0
152923,额济纳旗,0.6576,0.0304,0.1254,0.1415,0.4351,0.121,0.1459,0.0006
152971,内蒙古阿拉善经济开发区,0.7981,0.0278,0.1073,0.0789,0.2235,0.0033,0.5586,0.0006
210102,和平区,0.4807,0.0505,0.2568,0.158,0.4289,0.0023,0.097,0.0066
210103,沈河区,0.497,0.0272,0.204,0.0496,0.6209,0.0042,0.0934,0.0008
210104,大东区,0.4152,0.0405,0.1844,0.1429,0.4791,0.0025,0.1445,0.006
210105,皇姑区,0.4512,0.0429,0.2349,0.1482,0.4353,0.0038,0.1289,0.0059
210106,铁西区,0.4592,0.034,0.1812,0.1156,0.4573,0.0223,0.1776,0.012
210111,苏家屯区,0.4556,0.019,0.1084,0.0666,0.3981,0.1593,0.2453,0.0033
210112,浑南区,0.4916,0.0427,0.1925,0.1279,0.4306,0.0687,0.1277,0.0099
210113,沈北新区,0.4565,0.026,0.1244,0.0927,0.4025,0.1156,0.2282,0.0107
210114,于洪区,0.5311,0.0507,0.1609,0.1166,0.4527,0.0317,0.1687,0.0186
210115,辽中区,0.4889,0.0167,0.0633,0.0424,0.2685,0.4499,0.1553,0.0039
210123,康平县,0.5663,0.0162,0.0541,0.0506,0.1627,0.624,0.0915,0.001
210124,法库县,0.652,0.0076,0.0515,0.0341,0.1437,0.6898,0.0692,0.0041
210181,新民市,0.7531,0.0074,0.0393,0.0295,0.1751,0.6695,0.0777,0.0015
210202,中山区,0.4798,0.095,0.2364,0.1224,0.4646,0.0034,0.0765,0.0017
210203,西岗区,0.4687,0.0544,0.1974,0.1611,0.4613,0.0021,0.1182,0.0054
210204,沙河口区,0.3922,0.062,0.2347,0.2075,0.3968,0.0047,0.0839,0.0104
210211,甘井子区,0.5038,0.0536,0.203,0.1011,0.4383,0.0111,0.1901,0.0027
210212,旅顺口区,0.4782,0.0281,0.122,0.0814,0.3551,0.1054,0.3022,0.0058
210213,金州区,0.5379,0.0348,0.1182,0.0724,0.3489,0.0803,0.3433,0.0022
210214,普兰店区,0.4635,0.0147,0.08,0.0416,0.2395,0.3839,0.2349,0.0055
210224,长海县,0.5153,0.0248,0.082,0.0717,0.2518,0.4653,0.1001,0.0043
210281,瓦房店市,0.4999,0.0188,0.082,0.0497,0.2305,0.4114,0.1994,0.0082
210283,庄河市,0.4542,0.0135,0.0781,0.0509,0.2415,0.4047,0.1942,0.0171
210302,铁东区,0.4548,0.0456,0.1987,0.1759,0.3957,0.008,0.1725,0.0036
210303,铁西区,0.4515,0.0181,0.089,0.0723,0.5243,0.0689,0.2226,0.0048
210304,立山区,0.3478,0.0294,0.1809,0.1351,0.3847,0.0134,0.2515,0.0049
210311,千山区,0.5892,0.0082,0.0473,0.0268,0.3381,0.3688,0.2084,0.0023
210321,台安县,0.735,0.01,0.0451,0.0314,0.192,0.6098,0.111,0.0008
210323,岫岩满族自治县,0.5019,0.0144,0.0569,0.0547,0.2657,0.4499,0.1571,0.0014
210381,海城市,0.6055,0.0086,0.0492,0.0305,0.444,0.2473,0.2168,0.0035
210402,新抚区,0.3596,0.0174,0.147,0.1591,0.4419,0.04,0.1946,0
210403,东洲区,0.3218,0.0054,0.0828,0.0733,0.3868,0.1859,0.2658,0
210404,望花区,0.3359,0.0184,0.1356,0.1123,0.3912,0.0779,0.264,0.0005
210411,顺城区,0.3689,0.0382,0.183,0.1824,0.3599,0.0352,0.1893,0.012
210421,抚顺县,0.6251,0.0057,0.022,0.0133,0.133,0.7106,0.1149,0.0005
210422,新宾满族自治县,0.5284,0.0156,0.0514,0.04,0.2307,0.5475,0.1103,0.0045
210423,清原满族自治县,0.5158,0.0125,0.0665,0.0519,0.2383,0.5177,0.1129,0.0002
210502,平山区,0.3932,0.0217,0.1379,0.1027,0.378,0.024,0.328,0.0076
210503,溪湖区,0.3113,0.0122,0.0899,0.0749,0.4927,0.0397,0.2884,0.0023
210504,明山区,0.4852,0.0358,0.1784,0.1444,0.3963,0.0434,0.1988,0.0029
210505,南芬区,0.3512,0.0326,0.0641,0.0718,0.3849,0.1406,0.3049,0.0012
210521,本溪满族自治县,0.5526,0.0177,0.0812,0.0549,0.3208,0.3588,0.1661,0.0004
210522,桓仁满族自治县,0.442,0.0092,0.0605,0.0584,0.3366,0.3889,0.1454,0.0009
210602,元宝区,0.3346,0.0434,0.1456,0.1265,0.5109,0.0148,0.1541,0.0047
210603,振兴区,0.4059,0.0403,0.1627,0.1413,0.4158,0.0329,0.1916,0.0154
210604,振安区,0.4688,0.0263,0.0907,0.0811,0.3708,0.1912,0.2329,0.007
210624,宽甸满族自治县,0.5614,0.0164,0.0668,0.0397,0.2449,0.5136,0.1165,0.002
210681,东港市,0.5428,0.0176,0.0654,0.0482,0.3078,0.3656,0.1952,0.0002
210682,凤城市,0.5067,0.0173,0.0729,0.0443,0.2768,0.4305,0.1583,0
210702,古塔区,0.3914,0.0312,0.1791,0.1153,0.4529,0.0127,0.2087,0
210703,凌河区,0.4012,0.0311,0.1939,0.131,0.4645,0.0106,0.1689,0
210711,太和区,0.4793,0.0259,0.1251,0.1216,0.3444,0.1923,0.1906,0
210726,黑山县,0.5669,0.0059,0.0462,0.0264,0.2271,0.6218,0.0726,0
210727,义县,0.5858,0.0053,0.0496,0.0338,0.1945,0.5858,0.131,0
210781,凌海市,0.488,0.0079,0.0515,0.047,0.2495,0.5109,0.1332,0
210782,北镇市,0.6674,0.0097,0.046,0.0331,0.1836,0.6489,0.0787,0
210802,站前区,0.4819,0.0457,0.1363,0.1955,0.4498,0.01,0.1625,0.0003
210803,西市区,0.4135,0.022,0.1385,0.1288,0.453,0.0104,0.2473,0
210804,鲅鱼圈区,0.533,0.0373,0.0972,0.0741,0.4855,0.0943,0.2113,0.0003
210811,老边区,0.5349,0.0242,0.081,0.0801,0.4108,0.0851,0.3187,0
210881,盖州市,0.5427,0.0125,0.0404,0.0325,0.2362,0.5253,0.1529,0.0002
210882,大石桥市,0.5516,0.0121,0.062,0.0432,0.3539,0.2687,0.2601,0
210902,海州区,0.3401,0.0452,0.1702,0.1501,0.434,0.0341,0.1661,0.0001
210903,新邱区,0.3419,0.0144,0.0688,0.0857,0.4877,0.0992,0.2427,0.0014
210904,太平区,0.2937,0.0125,0.0962,0.0795,0.5696,0.0376,0.2029,0.0017
210905,清河门区,0.3456,0.0044,0.071,0.0641,0.411,0.1874,0.2609,0.0012
210911,细河区,0.4746,0.0437,0.1917,0.1559,0.4204,0.0406,0.1454,0.0023
210921,阜新蒙古族自治县,0.6025,0.0044,0.0389,0.0217,0.1237,0.7367,0.0732,0.0014
210922,彰武县,0.6376,0.0079,0.0534,0.031,0.1609,0.6934,0.0521,0.0014
211002,白塔区,0.4428,0.0604,0.2049,0.1615,0.4097,0.0077,0.1514,0.0045
211003,文圣区,0.4597,0.0314,0.1243,0.0943,0.3342,0.1874,0.2276,0.0008
211004,宏伟区,0.5323,0.0305,0.1237,0.0865,0.3545,0.108,0.2965,0.0003
211005,弓长岭区,0.3931,0.0206,0.0912,0.0943,0.4088,0.108,0.2698,0.0073
211011,太子河区,0.3798,0.0098,0.0587,0.0381,0.386,0.2113,0.2883,0.0078
211021,辽阳县,0.5761,0.0154,0.0462,0.03,0.2465,0.4456,0.2143,0.0021
211081,灯塔市,0.5196,0.0145,0.0563,0.0458,0.3064,0.36,0.2129,0.0042
211102,双台子区,0.5105,0.0172,0.1255,0.1113,0.5085,0.0599,0.1766,0.0009
211103,兴隆台区,0.5336,0.032,0.1979,0.1474,0.3586,0.0129,0.2512,0
211104,大洼区,0.4921,0.0212,0.0934,0.0822,0.3615,0.2554,0.1838,0.0025
211122,盘山县,0.5871,0.0047,0.0491,0.0408,0.2612,0.5051,0.139,0.0001
211202,银州区,0.4239,0.0287,0.1679,0.1533,0.4643,0.0295,0.1487,0.0076
211204,清河区,0.4385,0.0129,0.0897,0.0664,0.2491,0.3704,0.2046,0.0069
211221,铁岭县,0.4675,0.0157,0.0569,0.0655,0.21,0.4989,0.1499,0.0031
211223,西丰县,0.5515,0.0094,0.053,0.0392,0.1644,0.6798,0.0515,0.0028
211224,昌图县,0.6108,0.0069,0.0432,0.0255,0.1357,0.739,0.0468,0.0029
211281,调兵山市,0.3649,0.0128,0.143,0.1241,0.3178,0.0759,0.3262,0.0002
211282,开原市,0.556,0.0101,0.0582,0.0425,0.2422,0.5132,0.1323,0.0014
211302,双塔区,0.4944,0.034,0.1724,0.1463,0.4003,0.0658,0.1754,0.0059
211303,龙城区,0.5053,0.0136,0.0791,0.0479,0.3532,0.2241,0.2671,0.0151
211321,朝阳县,0.5931,0.0048,0.0343,0.0134,0.1307,0.6729,0.1419,0.002
211322,建平县,0.6249,0.0089,0.0668,0.0323,0.208,0.5579,0.1259,0.0001
211324,喀喇沁左翼蒙古族自治县,0.6825,0.0083,0.0598,0.0389,0.1574,0.5994,0.1361,0
211381,北票市,0.4826,0.0126,0.0774,0.0406,0.2276,0.4973,0.1436,0.0008
211382,凌源市,0.541,0.0093,0.0739,0.0532,0.2322,0.4573,0.1737,0.0004
211402,连山区,0.4132,0.0072,0.1088,0.1112,0.4157,0.1648,0.1892,0.0031
211403,龙港区,0.498,0.018,0.1751,0.1799,0.3448,0.0132,0.2533,0.0157
211404,南票区,0.3748,0.0035,0.0445,0.0395,0.3263,0.4183,0.1678,0
211421,绥中县,0.517,0.004,0.0522,0.0434,0.2221,0.5495,0.1282,0.0006
211422,建昌县,0.5325,0.0047,0.0599,0.0384,0.1902,0.5315,0.1749,0.0005
211481,兴城市,0.4816,0.0074,0.0639,0.0526,0.2486,0.3895,0.2378,0.0002
220102,南关区,0.4925,0.031,0.2361,0.2038,0.4428,0.0013,0.083,0.0021
220103,宽城区,0.5304,0.0029,0.1231,0.0706,0.5123,0.1172,0.1736,0.0004
220104,朝阳区,0.461,0.0066,0.2413,0.1644,0.4342,0.0456,0.1077,0.0003
220105,二道区,0.5163,0.0381,0.1682,0.1102,0.5075,0.0519,0.1238,0.0002
220106,绿园区,0.5321,0.0274,0.1777,0.1083,0.461,0.0256,0.1998,0.0002
220112,双阳区,0.4619,0.0063,0.0896,0.0519,0.2698,0.4701,0.1122,0.0001
220113,九台区,0.5752,0.0042,0.0629,0.0357,0.1964,0.597,0.1031,0.0007
220122,农安县,0.4376,0.0035,0.0711,0.0372,0.1751,0.6342,0.0775,0.0014
220171,长春经济技术开发区,0.5255,0.0518,0.2036,0.1392,0.4563,0.0039,0.1445,0.0007
220172,长春净月高新技术产业开发区,0.4139,0.0299,0.2194,0.2133,0.3523,0.0823,0.1024,0.0004
220173,长春高新技术产业开发区,0.5119,0.0534,0.2523,0.1672,0.3498,0.0088,0.1677,0.0008
220174,长春汽车经济技术开发区,0.5697,0.0264,0.1643,0.0783,0.4089,0.0182,0.3038,0.0001
220182,榆树市,0.563,0.0039,0.0523,0.0276,0.1473,0.7035,0.0655,0
220183,德惠市,0.5694,0.0008,0.0568,0.0315,0.1599,0.657,0.094,0.0001
220184,公主岭市,0.6044,0.0052,0.0571,0.0342,0.1895,0.6309,0.0831,0
220202,昌邑区,0.4595,0.0307,0.1535,0.1069,0.4369,0.1141,0.1573,0.0007
220203,龙潭区,0.464,0.008,0.0905,0.0482,0.3325,0.3043,0.2161,0.0005
220204,船营区,0.473,0.0165,0.1536,0.1364,0.4535,0.109,0.1309,0.0002
220211,丰满区,0.4666,0.0327,0.1748,0.1155,0.3625,0.1853,0.1291,0.0001
220221,永吉县,0.5452,0.0094,0.0579,0.0347,0.2033,0.598,0.0961,0.0006
220271,吉林经济开发区,0.3958,0.0113,0.0648,0.0497,0.3051,0.1183,0.4509,0
220272,吉林高新技术产业开发区,0.4705,0.0228,0.2213,0.1592,0.3828,0.0789,0.1338,0.0012
220273,吉林中国新加坡食品区,0.4655,0.0139,0.0608,0.026,0.2934,0.4844,0.1215,0
220281,蛟河市,0.5935,0.0094,0.0626,0.0461,0.2147,0.5703,0.097,0
220282,桦甸市,0.5897,0.006,0.0662,0.0447,0.2087,0.568,0.1062,0.0002
220283,舒兰市,0.5869,0.0061,0.055,0.0418,0.1771,0.6624,0.0567,0.0008
220284,磐石市,0.6815,0.0113,0.066,0.0351,0.2101,0.5878,0.0896,0.0001
220302,铁西区,0.4147,0.0314,0.1953,0.1626,0.4032,0.0821,0.1228,0.0025
220303,铁东区,0.4414,0.0205,0.1147,0.0953,0.4033,0.2109,0.1548,0.0006
220322,梨树县,0.5536,0.0066,0.0531,0.0326,0.1527,0.7008,0.0536,0.0006
220323,伊通满族自治县,0.5599,0.0098,0.0622,0.0408,0.1625,0.6754,0.0478,0.0015
220382,双辽市,0.5367,0.0099,0.0735,0.0644,0.2298,0.5486,0.0715,0.0024
220402,龙山区,0.4847,0.0409,0.1505,0.1321,0.3634,0.1144,0.1961,0.0026
220403,西安区,0.35,0.0141,0.0794,0.0828,0.412,0.1729,0.2388,0
220421,东丰县,0.6357,0.0076,0.0592,0.0389,0.1598,0.6682,0.0658,0.0006
220422,东辽县,0.6412,0.0024,0.029,0.0183,0.1099,0.7695,0.0708,0.0001
220502,东昌区,0.4933,0.036,0.1545,0.1498,0.4663,0.0504,0.143,0
220503,二道江区,0.3819,0.0219,0.1286,0.1169,0.3213,0.0555,0.3558,0
220521,通化县,0.5784,0.0217,0.0826,0.0634,0.2281,0.4692,0.135,0.0001
220523,辉南县,0.587,0.0104,0.0669,0.0642,0.2437,0.5217,0.0932,0
220524,柳河县,0.5827,0.0033,0.0569,0.051,0.2505,0.5209,0.1164,0.001
220581,梅河口市,0.6297,0.0154,0.0776,0.0529,0.3499,0.3772,0.1264,0.0005
220582,集安市,0.5329,0.0146,0.0786,0.0736,0.2524,0.461,0.1192,0.0007
220602,浑江区,0.4713,0.021,0.148,0.1692,0.4136,0.0868,0.1612,0.0001
220605,江源区,0.4211,0.0038,0.0861,0.1217,0.3351,0.2432,0.2084,0.0017
220621,抚松县,0.492,0.0105,0.1126,0.1435,0.2908,0.2858,0.1567,0.0001
220622,靖宇县,0.5906,0.0176,0.0842,0.1024,0.2567,0.42,0.1192,0
220623,长白朝鲜族自治县,0.4767,0.0211,0.1127,0.1683,0.3119,0.2828,0.1032,0
220681,临江市,0.4615,0.0144,0.1058,0.1471,0.3171,0.2668,0.1489,0
220702,宁江区,0.5097,0.0152,0.1473,0.106,0.3728,0.1621,0.1965,0
220721,前郭尔罗斯蒙古族自治县,0.521,0.0053,0.0679,0.0474,0.2228,0.5774,0.0791,0
